Multiple size <= 100
TEST 1 ARG:51 60 90 64 20 6 8 23 98 45 83 36 28 91 68 89 35 47 49 4 10 3 78 17 73 41 95 38 37 76 22 61 53 55 88 66 29 84 67 15 19 59 56 87 70 34 42 97 12 33 16 85 9 48 63 80 26 13 2 52 81 0 31 11 99 7 65 94 58 79 1 40 50 69 44 25 32 82 14 30 96 93 54 77 27 18 92 57 43 74 21 5 39 72 24 62 71 86 46 75
TEST 2 ARG:70 33 32 8 60 34 68 6 0 26 71 5 39 67 66 45 50 36 46 30 86 20 57 23 73 2 19 85 69 59 14 43 65 80 75 40 18 74 77 90 58 54 17 37 10 95 3 9 78 84 82 22 51 11 96 88 7 13 64 27 29 76 31 72 79 98 63 47 97 49 91 21 42 48 53 83 52 89 93 24 94 81 56 28 4 99 1 25 38 12 16 87 92 41 62 55 35 44 61 15
TEST 3 ARG:69 54 61 96 0 67 29 73 44 65 75 7 92 26 62 3 86 55 60 12 10 30 94 83 89 34 1 99 53 68 33 71 24 43 79 36 13 37 70 56 81 20 31 14 64 4 45 77 95 22 88 85 11 74 51 28 17 58 57 39 47 80 21 9 5 27 72 87 16 38 98 8 25 76 90 50 32 59 6 42 97 82 52 84 91 48 49 18 40 23 15 66 35 46 2 78 63 19 93 41
TEST 4 ARG:24 52 23 87 32 28 58 84 25 0 39 51 31 81 20 75 43 13 41 21 62 5 85 77 80 4 47 33 8 98 45 55 99 71 30 93 79 61 83 12 11 22 67 38 68 18 29 2 74 86 48 7 90 63 49 9 69 37 54 34 44 59 10 17 26 97 53 88 42 16 40 82 56 64 72 60 91 35 96 76 70 1 66 89 57 3 14 36 65 50 78 94 15 92 27 19 95 6 73 46
TEST 5 ARG:98 17 61 34 94 82 74 15 56 39 68 33 12 19 51 47 46 95 63 97 77 41 48 67 66 28 89 91 2 62 26 43 6 22 79 65 23 55 99 8 86 59 69 18 24 1 14 36 5 7 9 49 80 42 45 76 3 27 37 13 72 58 81 93 85 60 35 44 53 25 96 30 32 38 70 88 0 10 84 92 40 90 16 57 29 50 87 71 83 31 73 20 11 64 52 78 75 4 21 54
TEST 6 ARG:54 73 2 77 9 70 23 26 3 29 76 4 66 53 81 55 69 20 84 93 86 79 61 16 34 46 47 63 35 80 78 56 30 31 94 62 41 0 6 83 58 43 42 28 67 5 90 18 40 1 38 17 11 37 36 10 96 71 52 87 74 92 25 98 57 60 39 89 45 51 50 48 97 13 21 32 88 68 82 14 44 99 24 91 7 33 19 15 85 59 72 95 12 27 8 75 65 49 22 64
TEST 7 ARG:74 82 11 20 39 28 30 31 9 19 45 90 63 93 35 58 15 49 33 70 36 95 71 43 0 27 60 81 3 32 91 25 83 14 41 2 34 48 75 62 64 72 16 10 51 84 87 88 96 37 67 46 79 53 4 38 8 26 94 22 78 97 13 59 68 99 77 61 29 12 55 56 86 24 23 21 73 76 89 69 52 42 17 98 18 80 47 6 1 54 85 57 5 40 65 44 92 66 7 50
TEST 8 ARG:59 1 7 43 45 99 62 22 26 6 42 82 67 41 78 23 21 5 73 51 58 37 14 80 49 32 39 88 17 30 31 47 56 75 36 79 11 95 3 13 68 40 89 87 74 77 60 97 71 4 86 33 46 27 93 24 28 57 72 48 61 94 92 18 66 98 64 85 44 96 70 52 63 54 9 20 29 83 19 10 12 65 90 2 91 81 53 8 34 15 25 50 84 16 38 69 35 55 0 76
TEST 9 ARG:6 37 59 9 40 28 61 3 33 13 5 38 18 73 76 79 66 20 46 0 64 95 19 14 93 65 69 54 45 39 10 81 68 35 52 42 41 67 74 98 2 32 58 24 11 94 47 72 36 87 56 70 84 12 25 50 48 16 15 60 63 75 7 85 96 83 21 57 89 78 49 27 8 71 31 23 26 4 97 82 22 91 90 77 62 99 43 44 34 88 80 1 92 51 17 53 30 55 86 29
TEST 10 ARG:61 20 34 75 60 68 85 15 97 99 53 31 39 7 82 30 19 78 54 47 16 3 11 91 36 45 32 29 4 18 41 40 49 42 66 59 89 87 5 2 63 70 6 88 72 44 23 10 93 79 43 69 52 38 95 1 50 67 0 80 46 33 24 81 76 9 25 22 21 12 90 77 27 28 98 48 13 94 56 65 86 35 8 58 74 64 96 26 17 51 57 84 55 14 62 83 71 37 73 92
TEST 11 ARG:59 70 82 80 14 54 96 11 32 4 99 73 60 55 62 7 33 20 37 72 76 83 69 28 42 35 65 74 8 56 36 12 46 92 18 79 61 26 34 16 85 94 51 95 66 6 78 50 10 86 22 58 15 68 97 87 91 71 31 98 5 64 0 1 43 40 53 39 75 47 9 45 38 93 67 13 25 3 90 24 21 57 2 41 84 49 44 29 17 81 63 19 77 30 48 23 27 88 52 89
TEST 12 ARG:73 82 19 67 17 75 10 66 88 14 18 6 61 28 32 56 12 34 9 41 20 98 95 97 23 15 3 62 79 51 44 59 21 60 4 94 24 84 26 48 72 70 87 42 27 38 96 78 68 8 43 1 16 92 47 7 55 30 22 46 76 89 83 64 36 81 37 85 25 71 53 80 52 57 74 45 77 40 13 63 29 2 39 69 93 90 33 0 11 65 58 99 91 35 49 31 50 54 5 86
TEST 13 ARG:76 65 35 0 19 53 87 63 10 88 9 5 86 23 81 11 77 95 48 39 71 17 26 61 69 52 74 66 47 15 85 59 84 90 64 12 83 82 73 58 6 30 80 43 1 28 54 67 98 50 41 7 16 79 45 3 75 97 29 36 49 94 55 4 70 24 27 21 33 99 96 20 40 34 44 42 14 57 37 46 22 32 93 62 92 72 89 2 38 25 56 31 68 13 18 78 60 8 91 51
TEST 14 ARG:82 49 4 67 10 38 64 56 43 59 51 23 26 41 3 98 50 5 14 57 84 20 42 73 34 35 86 48 83 69 32 17 94 31 16 60 88 95 33 40 74 12 66 44 54 71 93 8 9 21 1 75 85 90 63 45 99 81 78 58 36 65 72 2 37 6 19 18 22 39 46 77 25 91 11 96 52 55 47 87 76 97 30 29 28 24 70 79 62 7 89 53 68 0 92 15 61 80 13 27
TEST 15 ARG:32 67 9 41 6 66 19 42 55 96 99 51 88 93 14 21 44 87 38 28 95 62 29 23 3 57 54 10 17 33 92 1 48 86 61 13 81 71 58 90 15 85 63 18 50 72 97 34 2 43 0 56 77 73 70 47 80 53 31 22 74 7 83 20 37 27 40 79 11 8 26 64 75 25 76 82 84 89 35 45 94 65 30 46 36 69 39 49 16 98 60 4 24 59 91 68 52 12 5 78
TEST 16 ARG:54 27 64 18 20 58 63 75 41 23 28 71 50 66 25 45 92 82 42 13 29 57 53 59 74 88 12 15 65 81 37 79 7 43 5 70 98 72 85 9 19 93 2 46 94 78 1 33 90 80 52 67 48 30 86 36 83 44 6 77 51 22 3 17 35 4 49 16 34 47 10 60 62 69 68 55 39 0 76 26 61 24 84 11 56 99 40 96 89 97 31 8 38 21 87 73 91 14 32 95
TEST 17 ARG:91 35 1 45 19 11 64 7 28 38 44 39 52 85 30 41 79 99 81 49 8 23 82 95 84 92 32 12 86 29 20 62 67 33 77 97 70 53 26 25 13 83 75 72 58 15 43 34 48 56 46 94 80 74 14 10 90 3 5 2 57 24 18 78 9 89 17 76 87 37 93 68 16 22 60 21 55 51 69 73 31 42 98 65 63 88 40 71 50 47 61 59 6 27 4 66 54 36 96 0
TEST 18 ARG:83 15 62 44 47 17 20 89 70 25 8 46 22 3 13 93 4 76 63 92 81 97 36 14 10 33 29 40 19 87 52 94 39 26 74 59 77 41 65 7 88 30 91 54 18 2 71 75 28 42 79 9 78 50 27 49 1 68 11 0 67 61 48 90 82 5 96 55 60 45 38 69 99 58 73 85 21 56 66 72 86 24 31 95 35 53 37 32 16 12 34 43 23 57 6 51 64 80 84 98
TEST 19 ARG:40 66 67 13 94 78 61 90 36 58 44 2 24 91 49 47 68 28 77 34 22 85 30 27 96 8 52 1 29 79 5 92 60 54 57 82 89 95 18 65 37 9 45 81 14 93 70 17 73 71 87 42 43 99 46 26 3 4 50 23 11 7 83 84 31 59 15 33 0 21 88 72 20 35 6 39 75 64 32 56 51 38 74 25 76 53 55 98 63 12 41 48 19 69 16 10 62 80 97 86
TEST 20 ARG:25 93 59 67 91 26 74 11 70 41 79 64 69 40 23 54 57 7 55 9 62 22 80 24 17 78 6 53 88 85 75 76 86 0 47 37 18 43 94 1 34 20 71 3 36 44 89 30 90 58 83 87 99 46 72 33 92 45 77 50 84 63 42 4 27 56 38 49 52 12 95 19 14 13 31 61 51 96 39 5 73 82 21 60 8 28 32 16 15 2 29 68 65 97 66 35 98 81 48 10
TEST 21 ARG:55 64 72 86 21 40 29 83 16 63 65 35 11 58 1 81 97 45 43 80 50 62 8 54 87 4 9 77 56 26 22 61 3 25 96 24 68 30 89 5 85 38 20 27 6 14 73 90 34 18 10 31 32 88 91 59 52 13 7 49 66 74 2 42 60 28 94 98 76 57 71 99 15 48 23 92 0 12 33 47 79 36 44 19 78 93 75 46 69 39 53 70 51 84 95 82 41 37 17 67
TEST 22 ARG:52 0 23 48 26 85 95 75 90 7 29 98 80 36 40 87 69 89 51 19 73 27 99 97 6 39 47 57 67 32 4 93 16 42 8 18 94 70 44 65 84 13 20 92 62 10 5 86 56 24 34 30 81 71 11 96 58 22 1 49 88 55 74 54 31 38 17 50 78 66 63 37 68 82 12 33 28 41 60 25 77 79 35 45 61 15 21 91 43 9 2 83 53 46 59 14 72 76 3 64
TEST 23 ARG:91 97 70 41 32 3 77 51 19 52 37 75 98 49 29 64 31 78 26 83 27 68 95 66 23 0 93 35 43 87 21 17 71 47 34 5 4 25 46 42 53 20 60 9 90 99 74 56 33 30 18 80 1 12 67 13 61 14 38 16 65 2 39 50 58 7 40 6 85 89 8 57 82 10 11 81 73 63 55 92 54 36 44 22 24 88 69 15 86 96 84 48 59 45 72 94 28 62 79 76
TEST 24 ARG:99 6 23 53 97 88 38 50 41 81 11 77 98 0 10 70 66 35 55 62 72 42 69 43 90 29 39 21 54 76 44 94 71 75 25 3 19 16 83 31 58 36 9 1 4 18 79 17 87 52 20 14 82 2 28 15 26 86 7 47 65 68 5 57 63 46 80 12 45 73 78 13 33 40 49 85 60 22 95 30 64 96 91 56 74 37 93 59 8 27 24 61 89 84 34 92 51 32 67 48
TEST 25 ARG:56 27 42 99 77 67 39 76 93 26 48 35 9 60 49 38 90 58 7 0 82 43 64 92 41 32 11 73 81 8 22 24 91 18 57 69 33 65 40 87 97 96 15 2 89 37 98 20 4 28 66 62 51 83 78 68 71 29 36 25 61 44 86 21 74 34 70 5 13 72 30 3 16 31 46 94 52 53 79 55 23 54 47 12 45 1 19 80 59 88 63 95 75 85 84 14 17 6 50 10
TEST 26 ARG:63 90 88 53 29 93 99 8 52 68 55 82 96 51 85 42 66 97 16 34 22 23 25 33 81 26 15 74 38 86 89 3 45 32 46 73 41 43 4 71 58 30 70 87 50 47 79 83 44 65 11 48 61 2 6 78 13 17 37 19 24 64 39 27 98 67 75 40 72 69 91 59 7 28 60 77 20 31 94 21 0 57 14 84 35 12 18 80 92 1 54 49 9 95 76 10 56 5 62 36
TEST 27 ARG:67 23 78 73 47 89 59 18 19 57 32 9 6 50 3 96 72 70 16 17 36 69 71 10 77 39 45 40 34 79 53 66 83 88 43 21 86 68 64 76 62 20 52 84 74 13 95 91 65 4 11 31 30 75 0 54 61 60 92 33 80 97 22 48 2 81 93 55 56 87 82 35 90 29 94 58 26 44 46 38 99 7 5 42 27 14 98 49 41 63 85 25 37 24 28 8 15 12 51 1
TEST 28 ARG:53 60 67 42 49 40 72 59 51 69 47 54 68 22 32 86 94 95 88 4 29 99 70 83 92 35 76 93 18 64 0 85 31 66 52 17 1 41 27 62 5 77 23 3 90 87 71 84 65 16 19 75 48 74 25 28 44 56 2 10 97 81 12 55 79 73 43 96 89 39 33 15 6 45 50 14 63 57 46 61 58 8 98 11 21 20 24 34 9 37 13 38 80 26 7 82 78 91 30 36
TEST 29 ARG:47 91 39 53 73 24 4 78 52 84 70 50 37 21 6 10 41 97 48 57 20 87 94 59 49 38 36 55 30 5 85 76 62 33 46 66 32 65 61 25 90 7 35 23 60 79 56 27 0 54 45 95 15 83 64 99 1 92 88 3 22 9 19 34 82 28 77 63 13 86 29 58 51 11 43 72 98 80 18 26 71 16 40 2 89 67 8 81 44 14 74 42 17 75 93 68 31 12 96 69
TEST 30 ARG:93 98 38 61 50 39 52 91 26 13 29 40 7 45 37 77 88 15 41 31 75 81 10 59 68 55 27 73 67 0 33 1 22 48 44 32 74 56 57 87 82 24 72 58 54 42 85 65 60 6 94 49 8 53 16 63 47 78 9 35 17 66 23 84 76 96 43 46 18 19 90 92 5 99 64 97 20 71 4 86 11 34 95 14 2 36 12 28 83 25 80 70 51 79 89 30 69 21 3 62
TEST 31 ARG:84 21 93 14 80 19 47 0 62 48 31 1 41 94 9 16 67 57 68 72 13 26 96 8 55 34 24 63 33 90 49 25 40 82 37 79 30 45 23 22 5 77 11 56 60 98 36 69 50 83 2 4 81 46 28 65 29 92 95 18 85 27 76 97 7 51 91 17 20 78 43 53 66 44 61 88 10 59 73 32 89 35 58 74 87 6 71 75 3 70 54 64 39 52 99 42 38 86 15 12
TEST 32 ARG:29 70 0 32 54 83 3 76 2 94 81 60 47 57 66 62 53 4 43 96 34 9 41 12 13 24 84 40 55 49 80 90 37 14 6 51 97 45 88 68 23 26 38 73 27 89 98 56 82 77 78 67 65 87 50 99 5 72 31 16 25 10 19 79 15 30 93 28 44 35 95 33 58 85 18 1 36 61 21 69 86 42 17 91 64 11 20 7 63 39 8 75 48 92 74 71 22 52 46 59
TEST 33 ARG:50 38 74 35 31 49 64 43 42 92 61 28 33 34 11 46 71 63 1 98 70 48 7 37 51 24 56 62 90 67 87 20 26 32 19 86 25 18 55 80 23 84 96 12 73 16 3 40 17 45 75 41 2 97 47 22 5 78 91 94 30 53 83 36 60 14 21 99 77 44 9 13 68 6 89 52 15 8 69 65 66 82 95 76 10 81 79 57 88 29 58 4 59 93 54 85 39 72 27 0
TEST 34 ARG:66 58 90 95 14 51 41 10 30 59 93 4 81 36 94 89 44 64 33 9 31 45 72 88 32 12 84 85 83 40 26 73 78 82 19 15 99 96 63 6 22 79 16 35 38 11 98 29 1 5 67 75 28 61 76 57 62 3 27 92 13 77 71 0 52 8 18 48 39 86 17 53 43 80 34 23 20 37 2 60 74 46 68 50 42 24 97 25 87 7 56 21 55 47 69 70 49 91 65 54
TEST 35 ARG:6 55 97 69 75 41 47 48 49 84 13 31 95 52 32 51 73 90 65 37 34 64 40 61 72 85 70 60 27 83 5 59 93 58 92 91 82 42 96 54 4 2 15 11 80 94 56 66 30 99 68 43 79 29 22 44 7 1 74 67 38 28 9 0 62 45 71 33 86 88 24 76 78 77 50 21 23 57 16 17 46 18 25 87 35 39 63 8 26 53 3 36 89 10 20 19 14 81 98 12
TEST 36 ARG:27 90 95 56 66 46 3 31 35 20 45 29 81 84 6 65 74 41 26 13 48 22 42 10 57 59 34 5 55 8 97 49 63 12 82 76 75 52 72 70 23 83 79 73 28 92 60 47 94 17 50 80 64 4 24 99 67 1 38 61 39 88 87 96 68 18 53 30 44 78 36 21 91 77 19 32 51 14 85 9 16 71 58 40 7 0 25 86 43 15 89 98 62 11 33 93 37 2 54 69
TEST 37 ARG:87 12 3 70 28 11 74 75 47 39 60 18 15 23 34 19 98 63 29 72 85 69 92 53 0 33 48 43 44 51 56 82 17 77 5 62 25 41 49 55 73 8 37 10 89 71 24 4 40 30 80 42 50 84 61 9 78 76 32 13 1 94 52 54 14 27 99 45 46 58 65 90 21 26 16 96 2 35 95 83 57 36 59 20 86 38 6 31 67 97 22 93 68 91 79 64 66 88 81 7
TEST 38 ARG:33 23 0 34 92 72 90 85 57 75 67 78 2 28 17 31 79 38 97 94 37 49 65 3 77 61 54 42 16 14 76 69 66 99 40 83 39 25 27 74 19 56 87 81 9 36 30 18 91 70 12 22 80 63 96 47 44 53 6 58 4 35 84 82 45 60 52 89 55 71 95 10 20 88 73 21 93 59 48 64 1 26 15 5 11 50 8 29 86 62 51 13 46 32 41 7 68 98 43 24
TEST 39 ARG:92 31 5 27 47 11 82 37 46 52 18 59 22 25 43 71 50 75 63 26 88 20 97 29 14 45 7 6 10 95 9 55 42 72 3 0 53 39 54 81 51 34 40 24 79 86 30 23 16 69 48 19 96 57 65 2 35 98 8 36 94 83 1 87 44 21 91 17 70 80 58 41 49 68 73 15 93 67 76 61 64 78 84 62 13 56 28 32 77 12 85 66 4 60 74 38 90 33 99 89
TEST 40 ARG:82 97 96 6 0 65 70 86 87 2 76 56 69 30 52 28 45 11 75 41 84 44 36 68 13 19 79 51 85 9 95 40 99 29 38 50 39 73 78 24 67 21 43 77 15 25 42 18 91 61 48 7 62 22 27 88 8 5 58 55 1 94 60 74 37 34 4 92 12 90 66 20 33 3 47 93 31 26 80 72 63 49 16 23 64 71 89 81 53 59 98 54 46 83 14 17 35 10 32 57
TEST 41 ARG:87 68 0 12 6 78 51 45 61 26 80 57 58 53 97 64 28 88 38 46 55 18 92 37 10 19 65 75 74 93 49 16 33 14 63 56 21 13 70 43 20 50 96 44 7 91 82 34 23 85 54 8 99 81 41 42 11 90 62 9 60 84 25 67 32 52 98 31 4 77 86 72 29 17 22 69 15 79 73 27 36 47 95 5 89 2 48 83 24 40 35 71 94 3 1 30 59 39 76 66
TEST 42 ARG:27 3 28 58 91 73 10 62 71 21 25 87 68 19 98 69 22 16 30 9 46 29 99 52 97 86 83 63 93 74 60 72 47 64 53 37 18 35 31 65 82 89 14 17 24 94 26 0 40 77 15 51 44 61 59 13 95 32 45 67 78 88 20 57 90 2 42 43 11 1 36 85 66 50 12 84 54 92 39 34 70 6 7 41 38 49 4 23 33 5 81 55 96 8 75 48 79 80 56 76
TEST 43 ARG:41 82 84 44 45 6 31 73 10 78 77 5 40 50 52 98 49 92 16 17 62 83 30 75 81 7 61 96 72 1 8 11 15 74 99 67 56 29 57 86 79 36 87 65 9 34 88 59 85 95 13 47 0 51 46 22 4 66 32 27 33 43 2 20 48 58 60 19 91 25 24 38 80 35 23 69 53 12 54 37 76 89 68 42 90 55 93 70 28 64 21 71 97 63 14 18 3 26 39 94
TEST 44 ARG:99 34 54 85 29 69 10 56 93 87 37 27 28 95 91 38 75 35 25 55 40 58 44 20 62 33 72 2 36 26 5 49 90 24 66 98 81 78 48 42 14 6 15 8 47 70 60 7 31 77 76 67 82 4 57 84 71 53 64 1 51 30 46 41 68 96 18 23 97 86 0 88 59 19 43 45 52 22 9 21 17 74 63 92 11 12 3 65 89 79 61 13 32 50 94 73 39 83 16 80
TEST 45 ARG:43 61 21 90 11 3 0 28 50 88 75 12 26 52 85 70 94 55 91 19 34 79 2 82 37 81 20 46 64 27 16 32 96 24 86 76 44 65 13 29 39 35 33 77 74 30 7 68 31 62 41 45 98 63 42 71 93 25 14 87 38 69 18 51 8 10 66 22 58 1 4 92 53 97 48 59 83 40 89 6 99 95 56 9 15 80 72 36 49 5 73 84 23 60 57 54 78 67 17 47
TEST 46 ARG:46 17 52 36 3 28 41 50 53 81 14 40 99 82 44 15 49 68 83 80 30 32 37 23 92 98 18 2 27 16 59 24 61 5 22 25 84 57 33 64 39 86 56 34 54 29 74 87 73 96 26 66 6 65 72 62 8 55 7 0 70 9 51 90 11 60 94 76 97 79 31 77 63 67 42 20 88 21 38 10 91 93 35 47 75 85 43 1 4 12 78 13 71 69 19 89 48 95 58 45
TEST 47 ARG:90 1 11 65 42 79 55 25 17 74 78 20 87 52 88 57 94 61 97 48 30 41 10 83 38 60 36 27 66 81 70 43 75 85 96 45 28 80 21 0 23 72 16 5 33 82 8 68 59 7 32 26 3 92 46 35 6 29 91 71 24 77 4 14 67 15 18 84 89 22 95 76 12 13 98 62 54 34 63 47 58 31 69 9 39 40 50 44 2 19 53 51 99 56 93 37 64 73 86 49
TEST 48 ARG:26 43 14 56 63 71 19 22 6 53 30 32 36 5 70 73 24 88 95 60 16 13 21 27 97 51 79 69 11 39 49 94 33 92 44 64 98 23 34 89 37 42 65 2 8 80 77 58 31 12 99 40 3 67 61 10 18 84 54 28 82 59 62 93 0 38 68 90 35 20 48 4 41 45 74 81 9 47 7 96 15 76 87 86 83 29 25 46 66 72 17 50 55 91 1 78 52 75 85 57
TEST 49 ARG:30 78 19 48 29 60 93 85 24 46 86 39 21 47 33 34 12 73 15 96 57 43 74 79 32 61 68 82 50 77 3 10 0 98 25 95 17 58 56 84 13 65 54 69 20 72 71 11 18 80 64 87 16 5 14 52 42 70 27 81 41 53 35 63 88 99 44 90 62 9 6 76 75 36 7 49 94 92 23 1 31 89 38 83 4 28 37 66 67 45 91 59 51 55 2 8 97 40 26 22
TEST 50 ARG:40 81 67 84 10 20 29 14 19 90 53 71 55 17 8 52 79 96 59 39 51 70 83 7 65 56 98 0 41 35 26 13 30 69 33 31 3 16 82 78 93 34 77 64 60 28 46 48 57 72 21 5 80 37 95 22 9 63 1 44 42 18 66 49 25 50 88 2 73 23 43 47 58 86 45 75 11 62 61 15 92 99 74 38 27 24 87 32 94 36 76 89 12 6 91 4 85 68 97 54
TEST 51 ARG:41 92 1 12 6 58 54 48 80 85 37 3 52 16 63 47 27 51 0 95 67 28 89 69 70 75 82 17 87 34 18 68 55 81 90 73 71 94 83 4 23 88 62 98 66 50 93 99 61 26 77 2 97 72 5 86 15 46 35 76 30 74 24 44 60 20 33 59 11 79 65 78 36 42 84 57 22 64 9 19 8 45 31 56 91 32 40 14 39 25 38 7 49 96 43 29 53 13 10 21
TEST 52 ARG:95 31 82 76 57 7 73 23 51 89 59 81 2 84 70 33 17 36 16 92 20 35 93 58 63 12 34 86 32 9 22 91 28 25 14 0 85 24 38 65 11 99 30 43 62 56 64 15 79 53 80 46 26 54 27 66 67 21 68 19 72 40 61 75 3 42 88 49 45 55 39 18 60 4 69 96 98 1 41 83 37 48 10 90 94 8 97 71 78 44 77 13 74 6 29 52 50 47 5 87
TEST 53 ARG:68 75 90 81 53 15 72 31 19 10 67 63 2 99 25 92 66 79 96 29 43 54 94 49 70 71 34 22 82 88 4 56 13 57 20 76 62 17 65 5 86 89 84 40 21 74 38 80 48 91 14 36 9 60 23 77 41 7 18 47 8 87 69 55 24 37 28 16 98 35 27 33 64 95 11 50 73 32 51 58 26 61 12 0 85 44 39 52 83 42 3 93 6 59 46 78 1 97 45 30
TEST 54 ARG:14 62 70 65 56 63 72 81 53 12 92 22 4 55 84 17 59 67 87 32 28 90 97 68 93 58 98 88 30 44 36 86 73 26 78 64 54 13 96 45 40 57 91 79 43 69 49 16 21 1 37 83 77 61 15 94 10 51 23 82 29 74 52 89 24 31 8 38 19 39 9 75 18 85 34 5 95 11 60 48 50 33 20 3 25 46 35 27 47 76 80 99 6 41 71 0 7 66 42 2
TEST 55 ARG:98 68 34 85 31 13 11 19 10 84 95 87 51 37 86 91 76 99 93 41 24 8 38 81 35 4 80 39 90 64 40 60 57 12 47 69 79 1 46 82 30 29 65 23 25 6 42 14 89 28 20 36 50 16 78 48 71 22 72 43 9 97 3 0 54 17 58 94 26 63 7 88 75 52 66 45 33 77 21 2 73 67 83 49 92 55 15 56 53 61 74 44 18 32 70 5 59 27 62 96
TEST 56 ARG:49 70 74 86 73 4 30 83 40 96 99 59 84 13 89 66 78 1 19 94 80 17 55 2 18 35 75 62 20 77 95 0 50 16 28 38 6 29 51 98 57 43 8 37 64 36 63 97 90 12 65 48 15 21 61 34 91 46 60 53 26 33 71 76 41 92 79 24 39 81 68 10 45 56 87 27 5 11 9 47 72 85 42 88 23 54 82 58 22 44 69 31 14 93 25 7 67 52 32 3
TEST 57 ARG:74 94 21 20 75 50 13 37 15 98 4 95 23 64 24 80 31 66 25 19 83 69 12 49 48 10 17 73 42 14 9 1 35 78 53 92 67 85 33 84 27 36 8 76 40 89 60 99 72 52 0 2 41 91 43 29 32 56 55 5 96 65 51 59 44 87 61 6 39 97 63 57 54 22 28 81 3 77 16 7 45 11 93 47 90 38 86 30 62 68 34 71 18 58 26 79 88 70 46 82
TEST 58 ARG:45 7 3 37 50 82 21 30 20 26 79 43 64 2 68 36 89 83 23 47 40 5 86 32 13 70 74 0 71 52 25 16 72 97 67 55 63 42 49 17 95 61 76 87 31 56 53 14 27 92 22 41 6 24 11 60 75 29 91 54 90 62 28 9 69 10 81 1 58 34 35 44 4 19 12 78 94 80 38 85 48 8 33 77 59 65 96 84 15 51 99 93 39 73 18 57 46 98 88 66
TEST 59 ARG:44 86 61 29 19 57 42 38 53 30 79 87 35 89 18 28 45 60 2 14 71 46 23 72 25 73 64 69 96 63 82 78 1 20 66 4 36 17 33 70 77 21 16 10 58 37 9 41 3 67 15 8 88 80 81 31 74 5 95 40 65 54 52 97 22 43 59 48 24 55 94 99 90 32 50 51 91 83 12 85 26 98 49 75 92 27 39 7 76 84 68 47 13 56 0 34 6 93 62 11
TEST 60 ARG:92 36 95 40 57 97 28 67 53 45 21 43 1 22 47 56 30 15 12 7 31 76 6 64 27 94 75 74 89 69 39 44 18 80 2 78 96 48 86 55 63 59 0 19 34 41 23 85 61 98 70 33 87 24 3 11 8 50 65 20 90 73 26 9 25 84 71 52 81 16 83 13 54 32 46 58 4 37 82 29 88 77 42 5 62 60 99 91 93 14 17 66 79 49 38 51 72 35 10 68
TEST 61 ARG:10 63 47 13 55 58 38 60 8 12 83 2 82 80 61 96 26 56 68 51 45 11 36 74 93 75 28 53 50 90 15 41 37 84 85 70 35 1 92 39 48 49 87 95 91 67 52 4 72 86 33 6 25 30 98 31 32 42 23 88 24 22 27 62 21 64 44 46 78 65 5 99 20 34 7 66 57 16 18 76 89 94 14 54 9 97 43 69 73 19 77 3 59 71 17 40 29 0 79 81
TEST 62 ARG:32 49 71 65 29 52 73 11 15 57 50 93 23 5 74 26 78 30 34 17 33 53 35 56 45 75 66 85 39 80 27 86 90 20 9 76 83 68 60 61 70 55 14 54 48 25 43 87 1 37 0 82 4 97 77 18 44 6 16 58 36 98 99 24 95 92 8 38 7 10 94 22 31 13 12 64 81 2 21 59 3 28 62 88 46 79 91 47 63 96 67 51 42 84 19 69 72 89 41 40
TEST 63 ARG:10 82 31 85 12 50 28 16 86 56 89 90 14 8 42 41 27 68 0 64 75 77 43 62 76 23 18 70 81 67 29 46 47 93 99 49 88 79 2 87 84 20 38 32 15 66 96 33 72 48 40 13 95 6 83 22 37 1 36 24 19 97 9 7 34 39 69 92 11 80 58 30 74 3 26 57 51 5 73 94 54 98 59 53 21 4 78 44 60 91 17 63 52 61 55 35 65 71 25 45
TEST 64 ARG:42 70 72 69 74 13 37 53 24 32 26 61 9 62 41 80 10 45 60 48 83 67 93 54 47 94 77 40 44 79 35 68 56 50 95 63 31 59 27 76 3 0 99 55 87 38 29 65 97 2 1 7 18 43 46 78 4 30 16 6 33 21 23 96 8 49 51 14 73 5 58 86 88 11 39 90 66 17 82 25 57 36 19 15 52 34 81 89 20 22 75 84 12 28 85 64 92 91 98 71
TEST 65 ARG:36 61 48 79 19 94 20 45 78 42 38 12 1 63 74 58 93 56 77 80 88 51 26 60 67 75 91 54 87 11 18 86 41 39 7 3 90 17 16 96 97 89 25 35 28 8 23 33 34 76 40 68 69 62 47 22 44 5 85 29 30 95 0 72 9 65 53 43 24 81 70 66 27 15 4 31 64 32 2 6 92 73 21 52 57 49 82 71 14 55 50 99 84 10 59 98 13 46 37 83
TEST 66 ARG:42 32 57 13 84 21 10 8 51 74 34 49 81 99 37 82 6 11 47 38 44 83 41 4 27 68 15 50 24 69 20 94 64 23 86 89 67 93 88 3 26 54 36 96 77 52 14 65 91 9 98 87 71 0 55 40 61 75 73 53 2 58 62 25 17 18 5 19 39 90 66 79 22 29 45 43 46 30 97 59 60 12 35 56 76 95 78 31 7 80 70 16 1 63 33 72 92 85 28 48
TEST 67 ARG:50 18 40 87 42 16 91 45 93 90 77 70 74 54 80 75 65 96 69 98 19 9 62 64 47 57 56 12 46 92 30 81 14 39 99 68 44 72 27 48 84 85 66 32 60 20 29 7 35 49 3 43 41 52 23 10 55 31 2 5 73 28 8 67 24 25 86 79 97 71 22 95 38 17 13 76 78 21 61 37 34 82 11 26 58 6 51 88 4 59 0 83 63 94 36 33 1 15 89 53
TEST 68 ARG:19 0 84 52 22 77 17 42 72 14 80 83 58 45 97 99 69 78 57 85 53 51 44 40 23 82 36 86 29 3 34 62 61 75 26 63 87 88 1 59 47 27 39 25 68 18 56 67 66 4 2 7 24 65 35 20 38 13 55 31 16 93 48 73 49 95 64 74 71 91 5 21 81 37 76 46 32 43 98 92 28 33 54 11 6 79 70 10 9 30 41 8 89 50 94 90 15 60 96 12
TEST 69 ARG:39 10 73 77 24 32 83 52 13 34 84 87 75 92 54 71 45 8 21 96 91 27 66 85 57 47 30 93 38 17 56 2 81 60 62 7 99 33 53 72 80 41 65 67 82 0 50 6 3 42 20 35 98 15 4 89 64 19 48 95 29 55 43 12 44 74 69 9 63 16 68 26 86 78 59 46 40 25 36 79 11 61 94 31 23 97 70 18 58 76 22 90 28 1 37 5 14 51 49 88
TEST 70 ARG:72 18 66 15 70 8 16 37 98 11 95 49 22 31 73 33 58 53 71 23 79 29 3 78 52 61 12 90 30 1 93 82 19 34 46 36 9 94 62 96 83 84 25 51 27 20 99 65 44 24 26 87 43 10 6 68 41 5 59 80 13 60 32 97 50 7 75 92 81 91 74 39 14 48 45 55 21 89 77 4 85 56 47 88 64 54 42 40 28 86 67 69 17 0 76 2 35 38 63 57
TEST 71 ARG:98 60 8 52 32 74 41 40 97 73 67 88 78 93 38 89 35 64 61 57 29 56 86 68 12 11 80 53 75 9 81 54 5 27 92 3 28 94 59 19 22 47 13 17 50 37 66 48 49 14 85 16 30 91 90 76 4 26 6 82 63 31 46 65 77 71 43 20 99 87 58 95 36 83 21 24 10 70 34 69 45 33 15 25 18 84 55 44 96 62 51 2 0 1 42 72 79 7 39 23
TEST 72 ARG:92 78 96 67 0 37 65 57 91 71 42 29 30 24 88 77 89 26 85 66 58 48 82 84 1 87 60 34 61 45 5 28 86 51 70 17 43 55 2 72 62 22 98 9 27 19 15 47 97 33 95 94 4 75 10 41 93 12 63 76 83 59 32 74 7 23 54 52 18 21 46 81 11 56 13 90 69 80 49 99 16 73 64 40 39 25 14 20 6 31 3 38 35 50 68 44 8 79 36 53
TEST 73 ARG:36 22 94 24 17 14 16 15 95 27 69 77 73 18 61 49 45 80 46 97 68 75 23 89 20 3 48 66 12 9 65 63 88 1 55 25 50 40 85 64 53 32 13 76 84 5 99 58 8 56 38 6 92 30 35 29 86 90 21 52 7 82 83 81 91 43 0 19 87 10 34 70 33 60 4 96 93 78 44 74 79 72 28 11 42 51 26 71 67 62 98 57 59 39 47 54 41 2 37 31
TEST 74 ARG:74 43 22 13 79 53 82 66 75 85 80 33 99 62 8 59 88 45 71 55 54 51 41 76 1 37 16 68 24 61 63 81 17 86 5 23 49 96 36 11 65 93 30 38 10 39 40 98 77 21 0 20 12 2 73 6 58 84 25 7 18 87 91 46 92 27 42 64 34 35 9 78 47 67 15 97 83 3 56 50 19 28 32 52 44 95 48 31 90 89 70 94 60 69 4 14 72 57 26 29
TEST 75 ARG:98 36 32 94 74 33 39 2 50 49 21 37 61 42 13 29 63 64 82 22 26 57 56 7 91 75 14 4 8 53 30 81 93 76 70 28 65 48 45 3 72 66 58 99 18 51 96 86 0 12 41 89 92 67 11 16 85 73 46 5 15 17 34 44 10 31 55 43 52 88 84 90 54 62 24 79 71 69 77 40 25 83 38 6 27 80 95 23 9 47 60 87 20 19 59 1 97 78 68 35
TEST 76 ARG:16 94 2 36 90 67 28 78 31 72 17 65 76 6 64 42 62 44 81 51 22 95 79 59 55 43 77 5 54 88 75 19 99 49 87 58 82 84 15 7 70 32 91 69 8 41 47 53 14 12 0 11 93 89 20 57 18 46 71 3 9 97 24 30 13 61 92 85 66 37 40 33 50 83 68 1 26 74 23 4 98 45 96 25 21 52 60 80 35 63 34 10 56 27 48 86 38 29 39 73
TEST 77 ARG:78 28 16 98 3 54 29 19 84 36 8 34 12 67 53 44 89 82 97 20 57 48 77 93 51 90 39 72 7 13 41 33 79 17 27 22 11 76 64 15 10 69 43 40 94 55 49 6 63 99 70 26 74 87 25 50 59 85 81 24 21 75 56 52 71 37 38 60 1 58 2 80 30 31 32 45 73 96 0 5 35 46 9 95 66 4 42 83 62 92 88 14 18 91 61 23 68 86 47 65
TEST 78 ARG:87 5 99 80 38 66 35 81 52 11 64 8 72 48 34 26 44 0 9 96 57 63 3 15 21 51 29 75 67 98 94 7 76 17 61 89 60 90 23 39 20 13 58 16 93 25 91 85 18 24 36 55 53 71 88 14 1 86 65 74 32 82 49 45 70 84 30 68 54 6 77 4 27 62 59 56 19 31 69 92 37 41 28 73 40 83 12 78 42 33 47 97 95 50 79 2 43 46 10 22
TEST 79 ARG:47 44 88 76 97 66 65 51 67 83 16 75 96 27 26 49 59 5 39 22 54 4 64 45 52 68 12 7 23 98 38 19 28 35 53 77 84 72 41 18 85 3 87 10 50 36 80 69 24 56 61 0 43 42 15 14 57 71 82 2 1 29 37 78 94 33 79 81 95 34 74 92 99 70 73 30 46 55 93 40 32 90 21 91 11 31 13 89 20 60 8 9 58 86 48 62 63 6 25 17
TEST 80 ARG:78 5 98 38 8 42 20 44 80 83 12 66 58 99 22 19 81 28 62 60 71 17 9 34 79 77 73 37 86 56 74 45 43 13 47 15 88 31 59 82 51 24 50 32 69 41 55 18 0 64 4 65 2 7 23 61 85 11 3 89 54 14 70 48 33 40 25 1 90 76 94 63 27 6 16 36 39 96 26 93 97 75 67 35 49 92 30 57 29 46 87 91 21 68 84 52 95 10 72 53
TEST 81 ARG:90 66 89 37 46 23 59 28 70 24 0 67 57 3 96 95 69 80 77 21 47 8 88 78 50 81 40 22 91 6 42 64 11 99 34 32 86 74 48 55 2 56 26 30 33 85 10 84 27 29 75 79 45 94 51 97 98 12 76 83 43 16 19 18 4 71 38 5 93 7 15 31 61 68 58 49 72 41 9 54 14 35 53 1 20 52 17 73 65 82 13 39 62 44 25 36 87 60 92 63
TEST 82 ARG:24 87 85 9 79 68 56 10 26 40 36 96 44 89 57 19 81 21 11 0 39 4 18 49 42 76 33 43 3 31 46 7 51 88 14 94 77 75 16 29 69 17 95 13 50 5 63 38 80 84 73 53 20 90 27 92 78 64 1 47 67 2 58 30 59 97 12 23 61 71 70 98 83 52 72 48 25 37 82 86 35 62 34 15 60 91 22 93 54 41 45 32 6 55 74 8 28 66 65 99
TEST 83 ARG:18 66 20 63 15 40 38 23 9 62 53 87 50 37 46 27 29 24 34 84 22 99 7 26 82 78 0 36 32 2 51 21 60 61 44 74 17 16 1 77 48 8 56 80 6 88 75 72 47 4 69 33 85 65 76 54 10 59 57 25 11 19 52 43 12 70 39 28 71 5 97 35 42 81 49 94 14 89 68 90 91 30 93 73 64 98 3 13 55 95 86 83 92 96 79 58 41 45 31 67
TEST 84 ARG:73 99 45 3 71 76 87 70 55 46 18 31 37 92 29 48 93 85 27 83 50 14 44 0 72 60 49 39 74 78 16 64 80 68 84 9 10 20 12 95 40 43 90 2 98 97 26 8 53 28 32 21 63 75 17 6 24 89 59 7 69 86 65 15 19 51 41 25 67 61 35 56 91 42 96 47 30 82 79 52 38 33 62 5 1 22 57 94 81 23 58 36 54 13 11 34 4 77 88 66
TEST 85 ARG:22 63 1 26 74 44 52 29 12 76 34 61 45 87 96 50 20 36 38 65 15 42 59 39 84 16 85 5 9 32 6 92 7 94 70 4 90 43 71 24 28 8 57 21 83 68 80 35 2 62 48 23 66 93 98 19 73 18 37 30 77 17 11 81 13 88 79 40 25 27 82 97 60 0 49 78 54 10 64 55 14 69 33 67 46 58 95 41 31 91 89 47 86 99 51 72 56 53 75 3
TEST 86 ARG:9 85 89 56 44 39 50 69 68 23 92 64 13 55 52 35 71 0 93 99 88 95 21 27 96 87 14 6 28 46 7 67 26 4 65 83 22 41 61 79 98 59 51 42 91 20 78 81 58 47 19 3 37 1 90 38 11 63 48 15 29 94 17 54 8 97 80 25 75 82 62 70 16 74 49 73 43 72 60 40 66 2 12 86 77 53 5 10 33 84 24 76 31 36 18 45 32 57 30 34
TEST 87 ARG:30 53 66 40 60 84 72 89 29 42 32 12 52 11 39 81 93 18 25 94 80 67 26 8 49 51 55 71 5 38 50 91 27 3 59 47 46 43 2 54 6 20 79 57 31 14 22 63 44 61 85 88 36 78 13 23 87 98 48 64 76 70 34 97 28 16 15 21 35 65 24 7 83 69 99 56 19 77 96 73 86 45 4 17 75 10 1 82 74 37 90 95 68 9 58 33 41 92 0 62
TEST 88 ARG:93 13 84 30 99 14 89 26 48 95 25 71 31 76 20 70 3 36 97 40 45 72 66 74 78 61 82 44 8 7 55 63 34 64 90 23 86 27 96 94 65 9 42 11 98 68 83 16 56 81 35 39 43 1 24 77 22 79 21 67 69 85 18 6 19 51 33 59 32 60 62 87 80 4 41 46 52 2 28 17 54 0 75 50 10 47 58 73 57 92 38 15 37 29 49 5 53 88 91 12
TEST 89 ARG:46 18 57 43 87 25 2 38 61 62 50 89 0 19 55 63 1 93 35 22 20 65 59 8 4 21 27 58 67 95 17 92 26 75 45 69 12 29 80 71 99 33 28 82 77 3 44 34 7 94 96 68 13 16 64 11 81 41 91 83 14 73 24 85 47 52 97 32 88 36 86 49 76 15 30 79 48 42 84 54 9 6 90 98 5 70 10 66 31 51 78 53 23 37 40 39 72 60 74 56
TEST 90 ARG:91 98 88 28 53 97 48 87 42 17 1 90 0 18 44 12 25 72 10 22 50 62 21 54 93 67 76 68 71 51 4 73 45 11 57 70 78 66 27 89 39 9 5 63 8 74 31 75 38 56 26 13 58 99 32 37 23 61 95 84 2 94 36 33 60 16 43 30 7 81 65 92 80 19 46 49 41 77 86 52 85 59 29 24 69 3 15 6 35 34 82 14 40 79 47 20 55 83 64 96
TEST 91 ARG:39 16 18 27 82 80 59 34 13 74 62 52 65 28 81 72 43 79 75 53 63 37 26 19 10 98 70 5 33 87 15 3 77 91 89 95 36 45 86 12 56 4 17 69 76 90 73 42 31 35 44 30 48 50 23 21 11 2 64 61 99 96 47 22 94 29 84 66 49 25 6 40 54 57 71 92 0 93 78 20 24 83 88 55 67 7 68 32 38 9 8 46 60 1 97 58 41 51 14 85
TEST 92 ARG:55 61 56 28 82 67 53 6 95 46 81 19 79 38 8 47 26 44 73 92 25 99 3 40 10 63 49 69 31 1 85 54 64 16 48 60 62 98 93 74 5 13 12 91 30 42 27 70 86 80 66 35 65 34 84 41 29 4 11 90 2 39 9 32 57 96 23 17 75 94 0 43 7 76 21 22 59 20 58 36 45 33 15 97 24 50 83 52 88 14 89 77 18 71 51 78 68 72 87 37
TEST 93 ARG:52 67 58 2 19 82 55 17 1 80 39 16 42 75 22 6 37 81 66 7 30 95 54 92 85 24 35 9 89 94 13 26 48 50 57 25 5 76 46 86 32 60 63 36 10 68 21 45 64 69 71 87 62 88 40 91 47 28 90 11 83 18 98 44 41 96 38 51 74 31 77 93 34 23 33 20 4 79 53 99 73 12 29 70 3 14 8 84 59 49 97 61 56 65 27 72 43 0 15 78
TEST 94 ARG:81 76 13 39 5 90 73 53 19 96 64 49 40 30 24 23 94 89 41 31 92 2 67 54 62 97 44 50 65 80 25 22 55 21 18 29 98 27 36 71 87 85 12 1 58 37 17 47 91 79 66 35 14 0 95 69 74 88 4 3 8 46 26 7 59 78 38 99 42 86 16 43 51 56 82 84 68 83 10 77 61 6 48 52 11 9 60 33 28 20 15 45 75 70 93 32 57 72 34 63
TEST 95 ARG:56 11 36 8 0 1 4 25 81 73 89 86 96 34 69 7 80 63 13 49 31 75 65 16 6 84 59 99 83 5 41 79 53 9 55 29 94 17 45 77 70 64 14 76 88 20 38 39 33 92 27 97 15 12 58 19 85 66 2 46 32 37 91 43 74 62 28 82 71 52 51 24 57 10 40 50 72 42 18 61 44 90 21 78 95 3 30 35 98 54 67 26 87 47 68 93 23 22 60 48
TEST 96 ARG:95 43 52 96 73 60 71 14 16 99 64 5 36 24 48 31 15 1 72 38 70 86 0 25 63 4 22 54 33 85 81 20 56 91 6 82 59 21 75 51 88 8 12 50 40 66 41 32 69 87 89 98 23 2 27 44 26 3 28 7 37 49 47 35 84 53 90 10 42 74 34 17 55 29 46 68 11 57 76 97 83 94 80 13 61 65 58 78 9 67 45 19 93 92 79 77 62 18 30 39
TEST 97 ARG:42 88 74 28 41 85 44 68 63 59 18 35 64 66 40 36 77 27 30 76 32 95 65 9 62 79 3 22 26 91 19 53 92 60 23 46 98 52 10 14 82 8 96 13 80 58 31 50 38 24 47 2 21 4 39 43 16 61 72 89 69 97 20 55 73 83 12 71 56 78 67 7 93 99 45 5 6 81 0 11 75 70 25 17 37 57 90 51 48 34 33 29 49 54 87 84 1 86 15 94
TEST 98 ARG:58 22 40 21 28 69 75 38 94 31 54 74 45 11 5 61 85 95 93 65 13 59 6 47 51 4 12 49 84 82 86 14 35 34 26 2 3 64 10 42 52 55 8 71 37 33 24 30 60 62 81 18 41 96 19 90 63 0 66 98 99 87 83 9 70 92 57 7 91 97 23 77 80 88 56 25 78 76 15 48 43 44 73 32 72 89 46 17 29 39 50 68 1 67 20 36 16 79 27 53
TEST 99 ARG:71 32 16 23 70 21 51 30 14 88 36 0 7 1 25 61 96 95 10 26 42 2 84 93 73 3 5 20 89 15 24 41 62 13 29 57 38 63 49 47 52 19 17 97 40 75 83 98 86 58 34 12 45 59 6 76 50 77 48 68 79 72 91 27 74 33 92 94 81 31 80 53 64 60 8 46 55 78 56 9 87 82 4 67 66 85 37 99 65 90 39 44 54 22 28 69 11 35 18 43
TEST 100 ARG:95 65 99 63 96 62 47 39 2 42 37 88 10 43 55 16 1 15 98 46 73 0 29 48 72 23 64 71 24 9 33 85 66 79 19 52 51 68 40 7 92 21 41 76 12 86 82 4 53 18 69 61 34 84 30 35 45 17 89 54 27 31 60 74 5 32 93 81 14 57 70 58 90 75 44 50 80 97 22 49 11 67 25 26 87 13 77 83 20 28 36 6 78 3 38 8 94 91 56 59
TEST 101 ARG:71 27 75 96 90 85 29 32 33 6 78 51 20 2 8 24 80 60 87 12 98 88 40 66 4 5 62 55 0 28 46 34 56 67 31 53 94 18 17 50 68 74 39 77 91 48 16 58 52 49 15 41 59 84 73 76 92 11 22 95 99 1 57 83 35 37 82 43 79 65 44 3 36 19 26 97 81 14 54 61 13 30 72 70 7 69 93 89 10 42 21 63 25 47 64 86 9 23 45 38
TEST 102 ARG:43 87 82 78 67 70 80 85 50 54 72 95 93 98 28 88 53 79 68 1 90 40 64 27 96 56 26 94 62 65 36 38 8 11 47 61 77 6 76 12 25 34 41 48 15 58 91 4 92 44 57 55 31 42 33 9 51 81 89 24 66 52 39 13 30 45 74 63 5 35 21 10 20 99 22 59 71 37 3 32 16 49 29 0 17 69 46 2 19 14 7 83 18 23 73 60 97 75 84 86
TEST 103 ARG:55 77 4 16 72 82 30 19 12 10 54 76 32 24 3 39 89 99 26 49 6 91 59 70 11 73 29 61 81 22 80 18 63 45 13 68 69 14 17 52 64 31 1 67 51 85 33 94 83 90 96 79 43 92 84 15 97 56 38 36 34 50 8 44 2 27 71 60 88 48 23 93 58 21 53 95 87 20 41 62 66 37 46 7 86 75 9 78 25 57 0 65 74 5 42 40 28 98 35 47
TEST 104 ARG:87 85 83 48 56 37 99 52 44 91 45 89 64 40 33 58 74 17 78 34 30 55 4 31 69 36 53 79 98 32 6 41 13 39 29 92 60 22 86 25 15 90 75 2 67 9 61 95 73 14 1 47 94 5 96 24 84 16 49 93 66 70 88 18 21 62 0 26 72 76 46 12 23 3 11 8 19 28 35 82 20 51 65 42 68 50 81 43 10 97 57 63 71 7 54 59 77 80 38 27
TEST 105 ARG:46 39 89 22 41 74 62 33 97 61 90 19 28 82 37 6 42 4 60 86 71 91 98 1 26 2 38 75 96 10 79 93 8 78 84 73 77 32 54 29 81 80 9 85 24 72 58 18 69 45 99 23 66 43 11 27 35 83 36 12 31 5 25 21 56 7 65 48 59 13 40 14 30 34 70 0 53 92 20 67 15 17 3 49 44 52 95 55 63 47 88 51 76 50 87 16 57 68 94 64
TEST 106 ARG:96 89 82 18 29 14 48 27 72 90 87 45 50 4 71 44 88 77 94 55 12 3 76 78 53 42 70 20 95 0 46 92 54 35 73 84 64 8 65 25 66 38 7 30 22 91 98 86 1 41 79 10 56 36 63 60 83 67 21 34 33 81 26 85 57 99 28 39 23 97 61 32 59 80 2 43 93 37 16 31 68 74 6 69 15 24 58 19 17 40 49 75 5 62 52 51 9 13 47 11
TEST 107 ARG:79 39 4 99 67 44 88 80 43 86 56 36 22 84 83 53 85 6 52 64 65 7 61 95 51 66 21 30 15 68 70 17 75 18 98 41 57 45 48 62 97 69 23 35 63 10 24 81 19 2 40 60 38 25 73 46 31 72 5 14 16 92 93 42 34 55 74 3 91 20 11 9 1 13 89 94 32 27 71 12 77 28 0 59 50 8 96 54 78 76 58 82 49 37 33 26 47 29 90 87
TEST 108 ARG:23 3 70 58 91 2 88 11 86 48 61 13 43 98 57 46 94 22 7 99 25 89 21 17 73 34 42 39 53 55 80 24 64 20 69 28 36 54 92 27 71 0 49 30 50 29 12 19 66 76 78 8 77 63 96 51 87 72 32 97 38 84 75 37 79 56 4 31 90 65 45 59 40 47 16 85 15 10 52 9 18 26 44 83 74 67 35 41 14 93 6 62 33 68 1 5 95 81 60 82
TEST 109 ARG:64 54 55 67 42 15 44 83 7 97 39 5 0 18 53 76 35 89 10 40 73 68 72 4 84 58 14 30 3 21 82 98 48 95 16 62 41 33 29 75 88 66 12 37 91 20 1 24 50 45 23 26 59 79 52 74 28 87 65 85 34 86 13 36 80 51 71 63 92 96 90 19 25 56 99 8 70 9 43 77 31 38 49 93 61 60 22 11 2 6 57 27 32 69 78 17 94 81 47 46
TEST 110 ARG:54 79 44 63 81 75 78 32 94 30 7 92 19 70 16 95 27 47 57 33 41 43 37 45 22 46 13 71 12 68 49 93 28 61 97 86 9 50 3 39 8 99 51 66 83 29 58 20 90 77 15 25 72 5 60 74 87 4 84 98 69 52 62 0 91 40 18 2 34 85 65 11 73 76 1 23 80 89 88 55 38 6 17 96 56 31 67 10 42 21 14 24 82 59 64 35 48 36 26 53
TEST 111 ARG:26 0 45 98 88 61 82 15 52 99 24 12 90 37 80 46 30 50 8 69 71 44 85 38 34 91 75 56 23 11 31 4 2 70 14 66 17 62 36 1 96 18 6 94 35 67 19 77 27 51 54 20 59 16 74 64 89 58 57 9 43 22 10 39 83 41 68 60 79 87 78 40 49 32 33 95 73 93 63 28 42 13 48 5 47 92 72 53 84 29 81 7 76 21 97 65 55 3 86 25
TEST 112 ARG:17 27 32 53 6 95 83 62 82 30 36 49 69 48 22 26 96 86 60 39 7 2 11 20 85 56 70 10 3 46 24 75 52 38 54 63 4 61 29 33 35 21 47 40 73 90 59 80 88 65 71 5 41 23 79 12 93 99 77 14 43 58 8 42 91 13 67 44 94 15 34 78 25 81 51 1 87 89 74 55 45 57 68 19 92 28 18 97 64 50 84 76 37 16 31 72 66 0 9 98
TEST 113 ARG:0 90 48 60 54 86 74 16 20 44 81 63 94 62 35 8 76 49 55 30 4 25 73 46 57 3 47 68 5 18 91 59 93 42 69 21 96 36 87 38 61 11 79 72 22 19 71 43 32 67 88 83 39 15 34 80 13 85 41 37 6 50 66 33 70 29 89 53 95 40 14 23 2 56 28 26 7 24 65 98 84 27 45 75 52 51 97 12 17 31 82 99 77 78 58 92 1 10 64 9
TEST 114 ARG:66 61 35 84 94 56 97 10 82 50 33 4 13 40 49 29 69 24 37 63 44 5 48 88 76 53 87 31 73 58 60 30 92 42 22 47 36 17 16 72 57 27 46 74 55 15 68 26 0 43 93 96 98 89 2 18 67 8 80 86 79 52 25 62 99 11 7 20 75 19 91 41 54 85 1 12 77 51 71 32 64 21 9 70 78 59 6 14 83 28 38 23 90 95 3 34 81 45 65 39
TEST 115 ARG:53 11 79 60 95 15 75 39 82 42 98 8 47 25 23 14 61 94 35 51 21 41 52 30 68 26 12 63 76 49 22 87 9 78 18 54 80 90 83 34 77 56 70 64 46 32 43 3 20 38 97 27 66 0 93 84 59 89 55 96 16 88 19 33 71 2 5 44 85 36 37 58 92 65 4 67 72 69 1 24 10 13 7 28 91 29 73 17 74 50 6 48 99 86 31 45 62 81 40 57
TEST 116 ARG:22 25 20 88 84 68 96 26 66 50 78 21 56 99 19 6 74 9 63 70 89 95 98 90 41 29 61 71 0 15 80 48 3 27 79 83 47 23 91 10 36 52 72 8 28 94 4 45 51 40 33 16 1 31 49 7 14 85 57 92 34 30 97 87 58 32 82 38 53 44 59 75 46 69 81 73 62 93 67 35 77 86 42 11 5 17 12 18 2 43 64 55 65 76 37 39 54 13 60 24
TEST 117 ARG:47 57 54 18 28 9 26 31 30 80 8 58 14 36 50 85 45 39 42 24 68 10 1 23 6 13 64 81 4 87 92 99 59 19 53 63 48 3 35 75 34 79 46 83 65 41 90 56 97 40 22 70 37 77 52 60 72 44 38 33 7 29 62 12 43 84 27 61 74 95 15 0 78 73 91 11 89 55 21 5 93 32 25 20 69 76 88 49 98 96 82 94 51 66 86 16 71 2 17 67
TEST 118 ARG:22 88 0 39 51 86 46 17 47 25 26 10 69 55 29 77 21 98 61 78 36 34 42 12 8 56 87 40 31 27 7 75 81 54 68 2 74 13 58 30 94 33 9 52 99 32 70 16 49 80 92 15 53 43 66 76 62 71 50 23 44 5 24 38 59 1 37 79 19 35 41 82 57 89 64 90 95 45 65 96 97 14 11 85 63 72 84 20 4 60 91 6 18 73 48 93 3 67 28 83
TEST 119 ARG:27 64 15 95 30 81 56 7 79 68 33 13 25 74 98 6 51 14 17 94 77 97 78 80 42 90 92 32 46 2 4 24 43 82 38 20 59 75 8 85 69 54 70 57 63 62 11 47 61 53 87 18 35 12 93 29 89 45 34 52 1 73 19 66 3 40 10 9 71 39 50 23 36 5 16 96 65 22 48 84 41 26 83 28 55 72 58 0 99 67 49 37 44 91 86 76 88 60 21 31
TEST 120 ARG:67 34 4 31 50 71 62 92 95 90 99 46 33 75 52 26 58 29 11 64 88 17 38 73 66 48 32 27 79 1 61 54 69 60 56 82 22 8 45 43 78 10 49 83 98 86 63 19 12 7 3 53 81 25 85 9 93 72 30 20 84 51 13 59 44 5 15 16 89 18 76 23 6 39 91 28 42 0 70 74 57 14 87 21 65 40 97 94 80 77 68 35 96 47 2 55 36 41 37 24
TEST 121 ARG:77 90 99 97 15 53 19 45 71 61 91 78 6 5 96 2 16 81 82 52 59 64 34 86 38 44 21 18 92 89 41 25 22 84 57 58 35 0 11 94 93 72 87 75 63 49 83 54 88 42 98 55 9 80 40 74 43 85 47 46 29 28 51 70 17 7 36 32 66 4 65 24 37 12 26 3 23 27 67 62 10 39 69 8 73 13 1 79 48 68 76 95 33 14 30 60 56 50 20 31
TEST 122 ARG:58 53 56 17 11 97 66 35 65 63 52 1 36 81 40 89 49 34 20 82 96 23 95 29 83 46 79 48 67 21 38 61 86 7 85 99 50 87 55 41 24 91 14 42 76 88 47 25 90 71 31 0 62 26 33 54 51 28 13 92 94 10 80 43 32 9 64 4 72 93 68 22 37 45 57 75 78 60 98 12 3 44 30 5 74 69 70 27 8 73 15 18 59 84 16 6 19 39 2 77
TEST 123 ARG:80 42 6 47 11 69 78 27 23 84 58 34 26 2 7 50 31 37 41 1 16 0 61 97 20 3 35 77 87 8 79 96 72 76 55 15 67 5 17 21 64 53 81 24 48 19 59 63 43 22 71 68 86 74 66 70 9 95 65 44 29 38 85 39 89 75 94 45 88 28 82 90 52 56 98 4 91 12 13 25 99 73 40 30 46 14 49 92 60 18 36 10 33 51 32 83 54 62 93 57
TEST 124 ARG:70 77 24 32 78 11 46 93 1 72 85 95 26 8 13 68 30 63 39 33 48 29 57 3 98 80 6 25 2 41 23 59 89 79 64 18 34 5 21 84 38 51 91 76 65 58 53 35 75 37 17 20 97 88 50 10 43 60 90 45 67 27 0 69 4 83 87 92 82 44 7 16 71 61 62 9 56 96 40 74 31 55 94 15 14 28 66 54 86 49 52 47 81 19 73 36 99 42 22 12
TEST 125 ARG:99 43 14 89 8 74 45 25 18 60 58 35 66 20 4 65 76 44 5 96 6 38 73 98 91 85 27 64 36 53 71 15 77 41 42 16 13 84 79 78 54 72 37 57 19 24 23 95 47 56 21 61 55 59 69 62 34 11 12 29 88 7 97 94 81 51 48 28 2 92 87 26 50 10 32 68 1 33 3 52 49 90 22 86 0 31 40 93 82 39 46 30 75 17 70 9 67 80 83 63
TEST 126 ARG:15 83 95 26 41 68 31 44 98 19 94 22 71 28 14 27 51 39 43 82 6 29 0 49 57 37 63 8 3 7 90 61 93 69 87 33 97 59 25 65 75 48 96 62 70 74 34 81 89 91 16 12 50 10 45 55 20 9 38 76 85 73 66 18 35 86 13 24 72 42 46 79 80 2 21 77 17 11 78 67 56 4 30 64 5 53 99 92 23 32 52 47 84 58 60 88 54 1 40 36
TEST 127 ARG:52 66 92 62 28 85 56 14 71 88 33 2 82 80 65 37 94 73 45 16 81 89 22 9 95 1 87 93 11 31 12 59 58 7 67 60 4 78 98 3 57 18 47 10 64 36 96 5 63 69 54 39 42 90 70 8 19 84 49 21 55 53 26 25 97 43 91 27 6 17 30 48 74 13 50 99 34 68 35 23 86 77 76 40 15 61 83 32 41 38 24 44 0 20 46 29 75 51 79 72
TEST 128 ARG:1 23 21 59 33 4 43 20 74 12 14 71 62 50 25 98 67 27 26 29 0 54 68 10 15 85 92 82 79 51 73 88 42 3 70 49 94 5 65 32 41 48 83 6 18 34 72 38 19 64 75 40 46 97 56 86 76 63 44 36 66 9 2 84 28 22 89 77 13 37 16 95 47 11 69 96 35 91 60 80 58 31 57 30 55 45 90 53 39 93 8 17 87 7 78 61 99 24 81 52
TEST 129 ARG:8 3 35 67 96 65 44 66 63 94 47 41 14 73 55 39 19 36 72 56 86 53 87 1 90 48 76 42 64 6 59 25 4 23 85 20 38 2 93 84 60 0 33 45 30 40 88 68 29 77 10 71 89 28 79 22 54 58 81 82 98 5 9 26 37 46 31 16 95 7 21 92 15 24 83 57 27 74 75 12 32 61 18 43 34 49 51 69 91 52 11 17 80 70 13 50 99 97 78 62
TEST 130 ARG:76 12 80 93 1 77 18 74 89 35 8 30 84 62 14 63 67 73 11 69 53 45 33 4 66 91 61 65 23 54 31 28 9 46 40 72 34 82 78 19 59 68 57 71 94 39 55 83 87 88 25 22 20 48 17 70 16 51 50 97 60 96 47 38 6 81 92 13 52 5 49 64 90 32 42 10 79 98 56 43 29 3 27 2 24 85 0 21 99 15 86 95 37 44 75 58 36 26 41 7
TEST 131 ARG:52 9 35 95 44 43 19 69 17 71 74 4 73 92 57 28 25 65 85 58 70 77 18 5 86 0 12 36 31 1 26 78 56 48 13 55 91 59 20 16 88 46 62 33 96 41 90 8 61 37 21 11 54 3 66 45 98 39 27 80 72 75 81 22 49 7 6 50 67 10 47 64 94 15 42 87 53 97 24 30 84 83 29 76 51 2 79 40 60 23 63 99 32 14 93 68 82 89 38 34
TEST 132 ARG:44 33 20 11 34 89 63 59 16 77 76 1 78 49 38 10 70 28 88 8 71 99 48 67 61 19 84 32 4 65 41 91 37 5 35 81 97 90 6 13 52 39 15 29 54 75 43 14 58 0 2 46 12 36 27 73 57 85 53 80 18 96 79 82 64 50 95 31 22 93 25 17 23 94 7 69 72 74 40 60 86 26 98 3 24 30 83 45 55 56 66 21 62 68 51 92 42 47 87 9
TEST 133 ARG:97 30 24 9 88 48 95 15 72 54 71 42 70 93 52 63 50 5 65 80 34 76 41 11 92 25 81 13 19 64 79 57 38 56 22 1 10 8 75 61 3 14 20 2 33 0 31 49 55 82 37 35 83 73 78 59 28 27 67 32 98 86 58 96 94 45 12 29 7 21 62 44 74 69 99 51 87 17 36 39 66 68 85 53 26 18 84 23 91 43 89 46 16 77 4 6 40 47 90 60
TEST 134 ARG:44 61 49 34 71 89 37 51 87 83 47 15 59 54 4 28 10 95 92 16 56 57 38 18 88 94 66 72 31 5 80 45 67 43 25 48 29 17 74 65 27 23 90 30 8 99 2 33 52 7 42 70 60 77 98 69 76 14 81 63 3 46 82 24 58 78 0 79 40 32 41 68 96 39 97 85 6 19 12 64 62 20 35 11 13 26 22 36 86 53 1 55 91 50 84 9 75 21 93 73
TEST 135 ARG:9 25 71 35 56 45 65 10 2 48 76 13 26 11 47 84 58 5 4 70 23 77 12 41 32 17 16 49 3 44 52 73 29 37 40 15 75 86 72 42 88 79 87 85 7 21 43 78 33 53 67 82 54 99 74 68 6 80 81 59 19 92 66 55 18 51 91 22 34 0 60 14 64 97 95 8 98 89 93 69 20 96 36 83 50 63 24 94 46 28 38 57 62 39 30 61 90 1 27 31
TEST 136 ARG:80 44 16 71 21 67 73 19 96 97 50 41 2 74 43 61 40 89 26 46 20 6 45 91 93 88 34 62 51 31 49 35 79 39 7 72 86 81 15 14 29 1 65 69 5 30 68 92 23 32 47 98 36 95 9 8 76 0 70 59 55 56 64 4 83 27 84 99 77 13 17 12 58 28 82 22 24 94 87 60 54 63 10 18 78 66 11 85 48 38 37 90 33 53 75 42 3 52 25 57
TEST 137 ARG:5 29 45 98 10 55 33 20 66 26 9 34 79 87 22 60 0 46 15 35 93 2 4 83 81 21 17 44 41 63 27 39 32 24 92 43 58 74 91 8 72 68 18 12 6 14 11 82 85 90 78 42 56 52 57 31 7 62 96 59 71 73 28 38 64 13 49 50 61 69 77 67 48 47 19 37 70 89 36 25 40 1 65 86 95 84 3 16 75 51 76 97 80 88 94 53 54 99 30 23
TEST 138 ARG:65 28 15 5 55 44 29 69 80 31 50 43 9 41 33 90 56 93 49 14 63 0 89 73 48 8 86 95 61 94 7 47 78 85 17 39 6 92 16 77 42 19 46 98 26 54 34 60 64 20 67 13 91 88 75 58 59 52 72 38 21 87 79 12 45 3 40 32 62 23 83 53 66 35 36 68 37 18 10 99 4 97 1 11 27 71 76 25 96 30 51 82 84 2 70 24 81 74 57 22
TEST 139 ARG:73 83 68 48 18 76 1 41 24 99 46 79 53 58 54 30 49 3 84 98 96 90 10 14 13 82 57 71 21 27 77 9 16 78 36 74 55 7 42 62 69 64 72 12 75 80 70 26 35 38 91 20 50 34 15 0 51 86 8 29 43 87 32 28 45 65 19 61 4 44 5 95 6 89 17 33 92 40 60 11 67 94 85 56 37 31 97 66 63 81 59 52 22 25 39 23 88 93 47 2
TEST 140 ARG:32 69 2 29 85 87 45 65 21 43 37 70 62 4 96 26 99 90 79 39 78 28 25 27 94 73 22 34 53 81 16 46 5 23 40 89 31 74 58 57 48 88 0 10 92 13 52 44 50 68 6 18 38 98 82 7 17 24 80 84 33 30 72 97 54 56 47 35 3 9 14 55 86 1 64 93 20 67 83 8 75 51 61 71 15 60 91 41 12 11 42 76 63 19 66 77 49 59 36 95
TEST 141 ARG:45 97 66 22 79 59 75 76 21 31 39 3 95 18 85 49 51 78 62 48 50 46 52 91 88 40 42 2 34 28 53 84 6 9 0 60 69 99 92 23 90 33 44 41 68 30 43 26 55 16 29 17 20 15 56 65 10 57 37 1 67 47 93 96 81 14 70 77 32 82 24 35 4 98 89 25 72 73 8 83 71 27 58 86 87 19 64 36 54 13 80 94 63 11 61 38 12 74 5 7
TEST 142 ARG:65 50 18 99 95 83 21 8 7 39 55 84 33 20 4 64 27 51 61 72 98 77 23 43 32 71 42 15 30 76 54 34 3 40 94 35 26 93 2 13 81 58 62 47 24 66 25 49 19 63 91 69 29 82 48 73 1 89 36 17 78 86 37 46 90 96 16 79 11 56 38 74 28 70 88 12 5 44 87 41 97 45 31 0 53 80 59 9 85 22 57 68 10 14 75 92 67 52 60 6
TEST 143 ARG:55 36 63 99 1 5 87 83 11 32 19 47 59 16 34 15 26 66 39 0 64 95 40 69 33 92 9 75 46 42 27 68 45 94 17 78 4 21 80 20 90 12 70 44 79 29 28 65 62 49 85 35 97 98 38 56 14 74 84 73 51 24 86 7 60 25 93 23 37 88 6 96 72 50 8 89 31 13 2 71 41 52 10 82 54 18 76 48 30 61 22 67 77 53 3 81 58 91 57 43
TEST 144 ARG:55 0 92 49 93 16 4 71 26 51 89 54 86 66 80 63 20 43 21 40 22 81 52 64 76 78 44 48 70 67 31 41 15 34 36 28 50 11 35 88 77 9 82 29 65 6 19 90 12 47 68 8 3 53 18 83 32 23 79 58 84 14 1 91 61 42 99 97 7 87 94 10 30 39 62 24 17 38 73 25 72 57 56 37 60 85 69 2 27 75 74 45 59 98 46 95 33 96 5 13
TEST 145 ARG:34 27 32 30 79 14 93 2 68 64 73 16 46 4 50 63 43 49 86 74 23 58 39 69 60 85 8 67 75 99 83 80 35 36 28 65 98 18 76 97 81 7 72 56 20 0 13 17 11 33 19 90 21 52 12 84 44 89 59 15 9 62 61 53 88 3 51 38 22 6 82 55 29 78 41 70 54 95 24 91 40 77 25 37 31 48 96 5 1 10 92 47 26 57 71 66 45 94 87 42
TEST 146 ARG:55 73 77 6 28 51 19 4 92 42 61 65 8 10 21 91 43 40 66 44 29 11 79 83 89 88 48 94 14 13 60 2 33 47 54 3 74 99 15 70 50 56 46 37 5 58 36 72 24 41 25 30 63 64 85 49 90 26 1 86 53 17 81 16 84 76 9 31 22 69 57 0 34 97 95 39 78 96 45 27 7 52 75 59 12 82 18 80 93 68 23 35 62 71 67 20 38 87 32 98
TEST 147 ARG:32 51 27 38 6 19 90 24 0 77 25 83 95 71 37 69 46 20 56 76 16 92 74 29 61 47 31 62 81 26 17 64 23 34 58 86 41 79 66 7 98 30 57 42 2 22 44 8 93 5 89 60 59 39 1 52 49 3 50 97 13 28 35 99 48 78 65 63 94 11 82 9 54 73 84 88 33 53 45 67 91 80 85 21 36 43 87 40 55 70 15 96 75 4 10 12 14 18 68 72
TEST 148 ARG:39 27 4 98 60 79 69 21 78 42 26 5 92 30 81 74 95 47 68 8 61 44 75 88 32 93 3 71 23 54 31 22 76 19 77 58 82 64 48 15 37 85 73 53 10 28 46 97 2 9 38 36 1 86 99 12 14 40 43 13 56 84 83 59 34 51 35 91 20 6 45 66 11 65 7 80 49 29 25 33 41 63 72 24 94 87 70 55 50 89 17 67 62 52 90 96 16 57 0 18
TEST 149 ARG:80 98 16 36 70 77 72 14 64 76 37 40 7 85 91 58 32 38 79 99 3 78 33 74 82 41 15 56 50 8 53 83 4 25 17 88 6 65 92 73 28 90 11 35 10 18 39 30 94 44 62 61 20 26 54 34 75 2 5 0 93 84 87 63 95 22 60 89 52 81 59 51 27 47 46 24 29 71 69 23 19 96 12 1 55 67 49 9 31 66 42 68 97 48 86 45 43 21 13 57
TEST 150 ARG:46 34 89 69 66 49 68 94 47 43 48 50 17 24 3 15 58 92 45 23 1 33 99 73 26 22 61 14 53 72 0 57 84 30 88 63 5 4 40 97 19 41 12 90 55 27 80 20 83 71 7 16 74 77 2 96 82 9 21 98 18 8 59 65 62 51 31 93 64 37 52 32 29 56 10 81 11 87 35 54 85 6 13 76 39 60 78 28 91 70 42 36 67 75 38 44 79 86 95 25
TEST 151 ARG:76 21 54 74 40 95 6 14 0 42 79 67 29 46 88 30 13 60 35 26 87 77 69 10 34 31 3 25 19 17 16 12 9 1 32 81 59 83 57 86 62 33 15 48 92 44 80 47 55 11 75 68 23 20 72 96 37 7 39 50 58 18 41 28 38 43 36 93 90 51 56 52 82 98 89 91 63 61 73 97 27 94 2 49 70 71 99 84 8 66 78 22 5 85 64 4 45 53 65 24
TEST 152 ARG:15 5 64 37 30 25 95 23 61 72 33 85 40 3 98 56 93 81 83 8 69 32 49 91 52 78 13 34 21 84 77 67 89 66 87 90 19 76 50 71 38 59 16 26 68 7 51 53 42 92 4 10 29 9 48 11 57 0 86 70 80 62 74 31 17 20 44 65 94 79 27 18 6 73 55 41 54 36 75 24 82 47 63 2 22 46 88 99 97 96 14 43 12 39 45 1 60 35 28 58
TEST 153 ARG:51 16 94 39 75 57 95 24 90 42 70 66 46 9 50 61 71 82 58 12 77 37 87 64 48 15 31 80 76 91 59 30 23 17 1 35 74 99 86 25 78 7 45 88 29 41 53 52 40 20 54 27 63 83 73 84 38 92 60 89 79 98 13 2 72 22 97 10 18 6 11 43 65 62 36 44 32 0 34 21 96 69 26 5 3 85 8 68 67 19 4 28 55 33 49 47 56 93 14 81
TEST 154 ARG:6 95 38 50 54 71 26 52 44 62 14 36 84 75 21 30 46 39 82 63 86 8 74 10 1 22 67 3 45 76 56 65 49 20 28 9 35 4 47 60 53 88 41 90 33 89 96 61 94 12 2 66 78 73 59 16 70 97 69 40 91 64 11 31 83 98 72 27 15 42 92 80 32 18 99 13 5 0 55 77 81 43 48 29 93 25 19 51 37 68 58 17 57 87 85 34 79 23 24 7
TEST 155 ARG:64 88 11 71 32 46 61 82 30 54 22 5 27 60 39 62 63 53 9 65 70 58 76 87 86 49 91 40 33 95 98 19 21 66 68 52 43 3 6 10 17 59 15 85 26 96 14 99 20 42 90 38 8 31 41 23 25 55 37 24 50 97 75 7 93 45 80 2 13 12 0 18 57 77 74 48 56 35 72 94 69 79 4 51 73 83 44 1 34 47 89 92 28 16 29 81 78 84 67 36
TEST 156 ARG:22 11 33 85 19 97 70 88 31 94 24 15 76 29 87 56 73 48 58 9 44 62 41 60 32 64 30 23 10 91 5 4 69 65 51 43 7 21 59 67 96 66 37 46 82 83 49 89 68 40 27 36 39 81 99 55 47 1 16 13 80 0 93 74 25 77 42 20 92 90 35 52 57 12 26 38 45 84 8 3 86 72 78 53 75 28 71 98 6 95 2 50 18 61 34 14 17 63 79 54
TEST 157 ARG:16 11 26 7 85 69 30 57 21 9 17 72 68 40 15 28 13 0 97 60 38 45 55 12 33 79 2 32 66 95 48 62 53 94 71 41 25 22 87 59 75 37 29 93 73 77 64 56 86 91 8 50 89 5 49 44 54 39 20 3 51 6 14 61 35 80 98 84 65 23 47 34 83 67 70 90 92 99 27 36 10 96 63 18 19 78 24 88 42 52 82 46 74 81 43 4 76 31 1 58
TEST 158 ARG:86 31 81 37 51 3 53 72 43 89 79 0 74 58 15 8 98 4 61 84 38 95 29 39 5 65 94 68 82 93 10 36 75 70 76 60 73 17 18 22 1 33 99 30 11 40 27 63 64 14 47 66 85 9 49 19 16 91 23 48 2 12 92 80 83 52 62 6 35 67 57 77 71 88 59 44 28 46 32 21 25 41 45 97 87 42 20 34 7 50 54 90 69 13 55 24 96 78 26 56
TEST 159 ARG:42 10 84 6 11 67 24 79 56 2 88 61 41 45 52 49 35 94 83 74 51 55 26 91 96 78 5 63 1 73 99 50 17 47 18 80 86 40 66 39 36 37 44 57 81 29 32 38 62 14 48 20 21 59 9 30 97 33 8 93 87 90 19 60 7 68 75 69 34 85 70 28 0 13 43 72 76 25 53 31 22 3 95 15 98 92 89 23 16 46 27 12 54 64 71 82 58 4 77 65
TEST 160 ARG:13 46 95 8 75 93 47 81 85 70 22 26 9 88 60 98 51 38 58 57 30 37 82 62 96 65 43 74 86 3 29 90 76 15 16 10 39 28 61 56 23 21 83 4 20 92 99 49 71 31 2 41 19 53 73 6 72 0 77 42 33 91 35 94 7 32 11 67 87 63 48 64 66 27 68 17 69 18 45 55 12 24 36 78 97 1 79 14 5 80 34 84 40 52 50 44 54 59 89 25
TEST 161 ARG:54 48 56 41 27 61 1 63 24 79 77 64 21 83 29 59 89 36 5 69 42 34 73 94 66 71 28 13 6 74 50 78 87 55 4 32 14 75 47 85 76 33 37 43 40 10 98 57 62 99 51 90 39 72 35 38 86 11 22 44 82 53 2 60 96 46 30 19 88 95 16 65 23 31 68 25 67 97 70 58 12 3 45 9 91 81 0 26 93 8 49 18 52 7 17 15 80 92 20 84
TEST 162 ARG:84 79 71 74 16 73 51 94 61 63 4 36 72 56 15 31 21 27 35 93 7 81 5 88 41 0 33 54 82 59 34 23 39 40 10 58 80 50 32 85 44 87 90 25 52 45 53 77 18 43 29 13 67 86 6 46 69 95 48 26 99 22 37 17 14 60 42 1 65 55 98 9 92 97 3 30 11 24 28 70 75 68 76 96 2 64 57 78 38 83 8 89 66 20 12 19 49 47 62 91
TEST 163 ARG:76 80 88 82 72 27 95 41 28 49 45 70 53 61 47 87 54 57 75 74 46 84 60 35 0 17 12 15 91 33 94 29 43 40 9 4 64 23 92 8 78 13 3 36 42 21 58 66 50 71 19 90 77 85 5 32 44 67 89 99 86 39 34 98 10 97 2 62 1 24 11 16 20 25 63 93 81 14 96 73 51 18 83 48 38 30 65 6 31 37 26 52 69 68 7 22 56 59 55 79
TEST 164 ARG:99 56 91 97 96 65 47 63 72 94 23 13 40 84 42 35 81 24 11 19 62 18 89 38 1 74 98 30 43 49 88 32 79 67 83 92 54 90 31 16 52 17 78 95 44 57 4 86 73 50 28 66 27 85 34 69 58 5 37 41 70 2 21 93 82 10 45 76 68 39 71 7 33 46 26 29 51 15 75 60 3 25 36 80 14 48 53 20 0 8 55 22 61 12 87 59 64 6 9 77
TEST 165 ARG:62 27 59 71 21 10 92 13 82 47 87 94 37 89 4 64 79 0 28 83 74 2 41 26 31 33 65 40 49 95 61 14 98 6 16 84 91 3 70 56 69 97 32 90 35 23 44 76 29 67 66 55 7 12 46 96 73 72 42 34 58 24 54 80 43 85 25 11 38 30 77 86 20 53 88 60 51 9 15 1 81 99 19 5 22 75 48 36 39 17 78 57 18 52 68 50 93 45 63 8
TEST 166 ARG:33 27 78 18 32 64 12 39 75 40 81 8 67 86 80 89 10 23 30 56 63 17 76 11 48 4 95 54 43 85 94 31 69 26 92 16 71 37 38 19 29 93 73 68 84 2 66 60 79 88 72 50 6 36 14 91 45 42 58 97 44 61 22 25 13 83 59 35 55 96 57 28 1 21 41 98 5 47 99 62 9 51 34 53 87 82 49 15 74 3 65 52 77 0 46 20 70 7 24 90
TEST 167 ARG:1 84 86 57 87 67 2 77 83 63 70 44 32 46 76 11 25 39 36 66 94 9 75 37 96 26 42 10 49 0 92 69 93 59 34 97 65 95 7 99 72 55 54 15 56 58 3 47 82 8 35 5 30 20 68 71 23 48 78 17 60 27 12 85 64 16 89 61 31 98 79 6 13 80 19 18 81 73 22 40 28 52 14 24 4 51 21 38 88 45 33 53 74 41 91 90 43 29 50 62
TEST 168 ARG:10 14 19 20 78 37 26 97 89 18 77 8 53 84 24 13 12 47 33 32 31 51 86 29 16 74 62 69 88 27 17 76 46 50 65 73 82 41 57 90 64 15 59 43 63 55 3 28 71 36 30 94 75 34 68 11 79 25 38 72 96 54 0 42 4 70 83 61 81 2 52 5 93 6 39 92 56 85 9 7 95 45 91 67 22 87 49 58 44 98 21 1 48 80 99 35 66 23 40 60
TEST 169 ARG:26 31 16 42 41 45 77 20 11 83 65 46 54 72 84 50 29 3 87 51 1 91 61 53 60 76 10 12 19 33 96 40 58 68 82 36 48 23 25 56 75 13 93 79 35 27 99 89 44 6 5 32 0 73 90 69 37 92 64 67 49 78 4 62 2 85 74 39 80 9 55 98 88 57 38 43 17 28 22 21 66 71 97 34 24 70 95 14 94 7 59 63 52 86 15 8 18 81 47 30
TEST 170 ARG:99 32 94 68 95 27 41 97 81 16 65 75 19 74 60 22 85 26 90 30 52 15 73 88 49 46 29 91 66 24 89 77 84 28 38 23 53 50 58 8 78 4 54 62 83 47 31 40 36 93 87 11 39 10 70 67 5 21 14 44 34 1 0 7 17 61 79 2 96 35 37 51 18 82 9 6 25 76 56 42 86 92 80 63 13 72 20 59 64 69 43 12 57 71 48 33 55 98 45 3
TEST 171 ARG:83 56 96 84 60 6 10 41 48 38 0 40 69 87 86 19 75 55 71 95 32 59 81 18 63 16 4 74 94 43 24 91 62 70 3 14 12 68 47 46 50 11 8 93 1 25 88 17 49 72 58 29 28 2 76 9 33 98 31 20 53 77 64 13 97 27 57 66 82 36 42 99 80 92 26 34 79 52 23 37 45 73 39 15 51 67 7 30 65 21 61 78 89 22 54 35 5 90 44 85
TEST 172 ARG:82 17 61 84 46 79 99 0 34 80 18 3 52 51 11 59 7 94 4 96 60 65 55 26 83 57 93 47 54 74 40 49 98 42 23 30 66 36 76 31 56 75 25 72 5 73 6 24 87 29 85 10 14 48 92 78 8 88 53 37 35 91 63 58 90 71 27 50 13 33 97 21 38 28 16 32 81 86 95 43 70 22 20 9 15 19 1 67 12 41 44 2 89 77 64 45 39 69 68 62
TEST 173 ARG:68 16 13 70 93 98 77 39 63 83 86 11 36 92 51 6 58 49 23 61 65 26 7 99 8 44 35 46 85 43 64 0 87 29 4 15 96 69 10 71 40 25 19 37 38 31 30 57 3 76 22 45 75 9 33 97 32 34 18 17 66 42 78 67 59 24 54 28 95 60 94 53 82 56 62 81 73 89 84 50 47 5 52 21 55 48 12 14 2 91 41 72 88 80 1 20 74 27 79 90
TEST 174 ARG:51 79 17 76 41 15 24 7 77 85 71 84 26 86 91 46 63 10 55 82 27 96 9 52 6 89 69 81 2 0 23 80 33 5 19 18 94 30 37 35 87 75 8 40 98 53 39 25 36 90 11 73 16 14 38 34 50 74 3 67 44 68 99 64 13 70 95 28 42 48 61 62 43 65 58 21 4 97 32 31 78 47 29 56 45 54 93 66 88 92 59 83 72 49 22 57 1 20 60 12
TEST 175 ARG:38 91 97 29 8 19 45 55 80 96 49 56 23 53 14 69 10 15 82 21 89 28 59 74 32 31 73 34 60 77 3 4 61 50 85 51 67 12 0 41 78 37 30 54 35 13 93 72 39 25 47 99 87 17 98 88 1 68 5 65 94 7 90 43 84 95 2 92 44 27 79 81 57 20 36 62 75 48 33 70 52 83 76 42 16 66 40 6 24 26 64 9 22 18 11 86 58 46 63 71
TEST 176 ARG:21 54 64 50 79 77 33 43 44 75 15 65 47 45 51 27 25 26 14 93 78 72 10 88 67 48 69 86 30 11 8 80 41 0 63 87 6 23 22 7 70 73 1 46 31 37 5 40 85 39 57 2 71 53 3 82 4 66 56 24 90 49 99 98 12 89 38 76 96 84 91 9 18 19 36 28 52 62 55 42 58 13 81 20 61 68 16 35 94 60 17 95 59 74 97 83 92 32 29 34
TEST 177 ARG:73 96 28 46 2 35 74 39 79 32 62 89 42 25 34 9 81 20 40 37 13 51 98 93 53 90 1 55 58 72 36 22 18 11 75 44 24 14 67 52 91 71 82 56 15 4 43 54 12 59 6 19 65 57 60 77 95 30 69 88 85 7 78 31 87 47 86 61 5 99 68 97 3 27 33 41 10 83 80 45 38 94 63 8 50 48 64 76 49 66 29 84 21 70 17 92 23 16 0 26
TEST 178 ARG:56 42 11 72 78 95 68 34 53 20 89 76 90 16 22 35 19 21 70 4 64 9 61 39 58 66 85 51 33 38 88 17 67 86 74 87 5 50 62 0 7 48 75 98 54 80 1 3 15 82 37 18 84 24 79 12 46 10 97 23 57 25 52 28 27 55 2 71 91 77 59 83 73 69 26 36 65 81 41 31 32 45 96 30 99 63 94 40 43 14 8 47 93 49 13 92 44 60 29 6
TEST 179 ARG:48 96 7 29 95 78 77 25 41 87 32 38 1 0 47 61 30 91 18 63 68 13 60 97 76 56 22 53 65 99 12 86 59 62 69 85 24 23 40 44 37 21 73 26 33 67 80 51 20 93 14 28 64 34 70 8 81 10 94 36 54 19 31 55 5 49 6 3 2 79 15 27 17 75 72 88 11 52 71 66 90 84 92 35 50 89 82 42 9 98 45 74 57 39 83 16 58 43 46 4
TEST 180 ARG:77 90 84 9 79 11 67 37 19 98 5 51 42 66 54 18 27 82 7 86 53 36 34 99 74 45 92 50 13 15 63 30 59 62 72 71 55 96 43 1 93 87 6 25 75 61 22 95 64 23 28 80 38 33 24 76 65 26 97 52 14 88 68 60 81 78 49 16 31 17 40 0 73 39 91 35 69 41 12 48 56 20 44 8 57 85 29 47 83 32 70 3 58 4 10 94 2 21 46 89
TEST 181 ARG:96 71 46 86 95 73 54 79 84 31 51 53 61 80 43 26 29 88 10 74 2 48 12 39 22 81 85 13 52 8 3 41 82 47 34 44 25 62 4 75 7 57 18 56 49 67 42 28 90 58 50 27 0 40 16 89 5 23 14 97 11 1 72 17 98 9 76 64 15 55 24 32 70 63 21 35 66 93 37 92 20 91 99 65 33 36 94 69 30 38 77 59 83 60 45 87 78 19 68 6
TEST 182 ARG:69 3 92 35 93 97 8 27 53 49 31 5 65 66 63 23 99 95 86 45 46 83 4 79 17 70 10 18 44 54 48 15 82 1 32 88 25 64 0 59 89 41 98 68 22 33 55 76 6 81 94 74 75 72 12 73 11 90 96 2 71 26 43 42 36 28 19 13 87 29 91 34 67 57 60 52 30 77 21 20 56 84 51 16 39 58 47 38 80 24 62 14 40 37 9 7 78 50 61 85
TEST 183 ARG:95 58 94 16 78 66 51 88 55 41 52 1 82 60 71 2 40 42 35 97 85 31 28 69 50 75 15 36 99 57 89 25 93 13 79 45 92 17 3 54 0 37 81 91 67 56 9 65 47 27 23 38 4 68 73 12 70 74 26 90 72 8 43 98 96 83 6 14 11 76 44 10 22 48 32 19 30 24 5 84 59 34 63 39 61 33 77 64 7 80 49 29 18 62 53 20 21 86 87 46
TEST 184 ARG:44 29 79 62 83 36 5 72 31 55 85 88 73 24 94 57 92 50 30 3 45 78 51 6 32 9 87 61 48 56 19 20 4 11 86 89 38 64 63 8 14 68 59 84 7 21 54 27 34 53 66 58 47 70 33 40 99 46 1 67 75 71 96 35 91 37 23 69 52 13 42 18 39 15 43 97 28 95 98 74 82 49 93 26 16 0 25 41 60 22 81 77 17 10 80 12 2 76 90 65
TEST 185 ARG:79 69 39 45 21 83 60 35 75 78 1 15 24 57 31 61 14 89 73 6 81 17 49 16 9 70 20 59 8 43 11 4 3 71 65 68 19 5 52 88 18 99 40 25 30 96 34 98 86 90 67 66 82 47 22 53 54 92 7 95 38 44 48 13 12 64 32 29 42 51 55 58 63 50 91 56 74 46 80 87 10 85 62 41 97 27 33 94 0 84 72 28 36 93 23 77 2 76 37 26
TEST 186 ARG:73 49 63 13 87 75 93 88 5 39 51 91 31 26 74 20 24 16 33 15 98 68 23 84 35 18 95 57 32 34 14 80 10 86 17 1 77 58 55 43 9 50 4 6 22 65 19 96 21 45 37 94 76 52 89 56 66 97 81 42 3 85 69 79 48 53 2 12 30 38 54 46 0 44 62 92 29 8 82 60 61 41 11 40 64 67 27 72 99 47 59 71 28 36 25 70 7 90 83 78
TEST 187 ARG:19 61 69 89 47 85 83 59 64 95 7 93 3 8 67 17 94 38 77 32 15 80 49 73 90 11 20 71 30 53 98 23 62 1 70 46 21 54 45 40 58 18 86 31 36 43 66 33 34 22 39 55 13 92 50 84 12 52 60 65 6 26 96 37 28 51 14 79 63 25 5 97 81 35 82 24 74 42 91 76 41 4 0 56 88 78 72 44 16 29 9 2 99 75 27 48 68 57 87 10
TEST 188 ARG:95 33 66 53 15 43 81 36 97 27 41 39 87 30 60 22 0 50 4 29 67 77 92 52 75 40 83 2 19 3 37 76 18 49 44 73 61 21 91 65 94 85 24 32 47 23 82 14 51 11 26 80 93 96 98 86 99 31 46 63 34 20 45 78 69 84 28 64 71 5 48 56 90 9 70 17 68 1 13 74 88 57 8 12 35 62 55 38 7 54 72 79 6 42 58 25 10 16 59 89
TEST 189 ARG:33 3 98 27 92 78 97 9 87 38 24 8 49 99 80 71 1 91 2 11 10 63 96 73 86 56 29 93 40 55 46 61 39 43 44 6 62 20 64 67 34 83 69 88 84 89 31 41 54 60 79 0 35 51 72 14 59 94 90 26 76 17 45 48 50 81 74 30 21 22 28 75 42 18 13 53 15 70 5 66 82 95 25 47 16 77 37 23 58 36 19 85 57 32 52 7 68 65 12 4
TEST 190 ARG:31 79 5 48 11 71 78 47 93 9 63 87 10 15 22 81 25 27 4 43 36 98 97 76 49 37 2 62 39 99 91 23 17 66 44 42 83 51 6 92 40 29 74 65 52 69 7 75 18 45 33 53 95 58 0 20 88 82 50 67 14 64 61 89 60 84 70 1 86 8 85 12 46 80 55 96 3 28 54 38 32 41 13 77 24 16 19 94 59 72 57 68 90 30 21 35 73 56 34 26
TEST 191 ARG:28 90 14 94 3 69 95 18 26 10 59 82 19 2 77 81 48 92 9 55 42 78 71 97 21 62 73 98 49 22 80 54 46 38 6 53 86 66 36 43 37 61 20 25 87 56 13 58 96 11 31 52 68 8 74 93 27 79 30 88 23 40 16 60 99 83 76 35 47 32 15 7 84 24 70 44 39 34 17 63 33 45 1 57 85 5 4 75 0 67 65 72 64 89 29 51 91 41 50 12
TEST 192 ARG:89 85 77 45 74 88 99 35 47 11 42 17 58 60 93 23 8 26 44 16 29 62 9 52 49 61 59 55 20 71 32 80 40 75 90 76 18 6 41 14 65 91 86 3 21 5 15 82 24 69 36 73 46 63 51 72 25 22 33 30 12 39 13 67 83 53 56 50 7 68 54 19 28 95 1 94 57 70 43 66 2 10 81 79 78 98 0 27 37 84 38 64 87 92 31 96 4 34 48 97
TEST 193 ARG:25 21 79 20 9 6 56 2 73 55 50 8 26 43 88 38 35 61 70 65 34 47 41 5 46 77 83 40 32 85 94 84 58 1 0 7 87 80 52 48 57 93 39 68 33 28 29 13 54 99 12 64 30 10 66 19 16 3 90 62 44 67 36 78 23 71 31 81 53 75 69 45 51 4 96 17 92 95 18 59 37 74 60 14 98 42 63 24 97 72 82 91 89 86 22 15 27 11 76 49
TEST 194 ARG:21 19 80 83 16 12 14 70 7 52 79 93 72 92 43 23 42 38 46 86 78 24 36 0 27 65 35 59 77 81 22 51 20 73 28 66 58 75 31 68 44 29 13 55 53 34 74 50 6 57 9 67 4 94 37 84 1 48 41 49 10 90 71 18 95 32 15 63 17 85 64 11 5 76 87 3 91 56 30 69 47 60 25 45 2 99 97 33 82 62 96 89 98 39 40 54 61 26 8 88
TEST 195 ARG:11 87 61 23 84 8 88 31 80 32 66 24 53 29 22 9 65 97 64 40 81 79 99 98 17 75 78 28 33 16 20 71 39 69 91 56 37 59 42 72 25 93 90 95 46 63 49 73 26 76 44 18 96 13 70 35 74 86 4 58 52 48 47 54 3 92 62 67 94 27 68 60 55 12 19 45 57 0 41 51 85 38 50 10 83 89 21 14 5 6 82 15 7 34 2 30 36 43 77 1
TEST 196 ARG:74 2 96 61 97 0 99 51 28 24 20 59 58 60 7 30 66 16 83 95 90 35 78 21 68 13 53 71 88 12 98 79 70 93 46 18 91 43 62 10 86 17 63 54 49 26 40 57 75 32 29 15 44 4 38 77 36 3 69 72 84 67 6 82 89 80 27 85 31 25 47 33 22 42 23 48 73 87 81 94 1 55 50 8 11 65 76 5 52 45 19 37 41 64 56 39 14 92 9 34
TEST 197 ARG:94 11 82 61 65 55 14 89 35 96 6 12 2 92 21 17 53 18 39 25 64 24 8 69 32 85 80 30 90 95 44 29 75 78 98 74 20 73 63 13 16 58 60 81 88 57 36 28 50 59 56 19 23 76 77 49 1 37 9 84 40 46 87 41 54 38 86 62 47 72 70 5 10 27 15 99 79 68 26 3 31 52 71 7 51 22 67 97 42 45 33 48 43 34 0 91 66 93 4 83
TEST 198 ARG:8 12 55 21 29 31 32 62 36 17 64 49 52 63 20 13 45 48 65 93 91 41 78 43 11 33 34 92 82 73 26 39 80 10 56 24 44 70 19 16 79 58 96 61 85 35 76 3 30 74 7 72 9 67 89 54 97 77 88 83 86 38 90 81 37 53 27 0 68 84 6 95 71 28 98 4 15 42 87 47 59 2 5 57 1 23 14 40 46 75 50 94 25 51 22 60 99 66 69 18
TEST 199 ARG:67 43 75 23 51 21 34 15 78 59 42 65 37 8 99 26 47 92 35 66 77 53 94 41 38 27 76 13 87 19 54 73 81 22 98 28 84 12 64 80 57 60 9 39 85 48 33 56 40 32 97 31 14 62 93 0 72 69 24 82 96 44 45 90 74 61 16 91 83 3 95 79 63 29 71 68 11 30 17 5 89 2 49 88 86 46 20 55 10 50 36 4 6 58 18 7 1 25 52 70
TEST 200 ARG:62 23 3 97 56 26 49 77 20 76 59 98 58 8 75 46 80 88 31 90 30 43 85 12 5 91 16 7 61 78 25 22 18 52 72 39 38 93 89 51 32 87 48 68 1 84 42 81 36 50 57 65 63 94 34 79 86 71 82 40 15 67 14 60 11 47 99 92 2 69 24 35 44 45 9 6 73 13 55 74 95 37 4 64 27 70 41 28 66 19 96 0 29 53 83 54 33 17 21 10
TEST 201 ARG:68 62 22 74 17 56 12 8 52 50 71 39 27 36 49 80 73 48 4 32 96 28 75 2 29 40 90 0 26 77 84 85 81 23 98 97 41 9 44 1 30 89 58 3 79 92 6 64 24 54 61 51 63 18 55 37 83 16 47 25 34 11 21 57 43 72 78 66 67 53 5 65 87 91 82 94 7 42 19 35 60 46 88 59 86 99 33 15 93 38 76 13 20 14 10 70 31 95 69 45
Multiple size <= 500
